f(x)=2340.5833473836401026
YNGP_M8.1_Full.theta_1=0.51968716524634028797
YNGP_M8.1_Full.theta1_1=0.54683656487625986742
YNGP_M8.1_Full.theta2_1=0.48257640369773319167
YNGP_M8.2_Full.theta_1=0.55182727745349824389
YNGP_M8.2_Full.theta1_1=0.57837015987837192554
YNGP_M8.2_Full.theta2_1=0.47934033755868726834
YNGP_M8.3_Full.theta_1=0.62196050578715778023
YNGP_M8.3_Full.theta1_1=0.36706053484139117282
YNGP_M8.3_Full.theta2_1=0.43403602146634312486
YNGP_M8.kappa_1=4.7622277780714483697
YNGP_M8.p_1=0.19253612171845274625
YNGP_M8.q_1=0.59386291808581059826
YNGP_M8.p0_1=0.77132832525546324298
YNGP_M8.omegas_1=1.0974390872661177188
root.1_Full.theta_1=0.60285076154256533876
root.1_Full.theta1_1=0.5207890902850496051
root.1_Full.theta2_1=0.50050321443260592513
root.2_Full.theta_1=0.56866664785722509379
root.2_Full.theta1_1=0.4886730183967078478
root.2_Full.theta2_1=0.47981169070957407907
root.3_Full.theta_1=0.62598996365815973153
root.3_Full.theta1_1=0.42779820562599307765
root.3_Full.theta2_1=0.52073843468995095751
Gamma.alpha_1=8.2693638929372532687
BrLen0_1=0.04804833182274305392
BrLen1_1=0.071223315548341326053
BrLen14_1=0.078189132732768784617
BrLen2_1=0.42271042799197211526
BrLen13_1=0.026874503414234543475
BrLen5_1=0.043188652646718166117
BrLen3_1=0.021382295989433499489
BrLen4_1=0.0069550234032459013617
BrLen12_1=0.026386467632575870412
BrLen8_1=0.010436561596143903788
BrLen6_1=0.045824021736054078302
BrLen7_1=0.026161872293568314701
BrLen11_1=0.027696886337716924292
BrLen9_1=0.034554835918427971586
BrLen10_1=0.015286806668160950184
