f(x)=768.48032869225062313
YNGP_M7.1_Full.theta_1=0.4855578169347725126
YNGP_M7.1_Full.theta1_1=0.54512214867284458641
YNGP_M7.1_Full.theta2_1=0.52028368728992424597
YNGP_M7.2_Full.theta_1=0.62274207384731528059
YNGP_M7.2_Full.theta1_1=0.47978864957597039398
YNGP_M7.2_Full.theta2_1=0.3056144758792998517
YNGP_M7.3_Full.theta_1=0.71060361355964696273
YNGP_M7.3_Full.theta1_1=0.38153120755785524532
YNGP_M7.3_Full.theta2_1=0.24900444637427288086
YNGP_M7.kappa_1=12.904243038315785341
YNGP_M7.p_1=0.00010000000000000000479
YNGP_M7.q_1=76.891809931708777981
root.1_Full.theta_1=0.51928309132296401884
root.1_Full.theta1_1=0.4852521254805673423
root.1_Full.theta2_1=0.48579189709802395036
root.2_Full.theta_1=0.38724194784810755943
root.2_Full.theta1_1=0.58666197735059399943
root.2_Full.theta2_1=0.5027530829467713458
root.3_Full.theta_1=0.84669945452368600147
root.3_Full.theta1_1=0.31901800223391307831
root.3_Full.theta2_1=0.46965843086585923327
Gamma.alpha_1=0.47131759335684453305
BrLen0_1=0.014376581007172978613
BrLen29_1=0.014095195748398977806
BrLen19_1=0.013034600249201076794
BrLen1_1=9.9999999999999997989e-13
BrLen18_1=9.9999999999999997989e-13
BrLen2_1=9.9999999999999997989e-13
BrLen17_1=0.012638163752820220226
BrLen11_1=9.9999999999999997989e-13
BrLen5_1=9.9999999999999997989e-13
BrLen3_1=9.9999999999999997989e-13
BrLen4_1=9.9999999999999997989e-13
BrLen10_1=0.012958242421173838885
BrLen6_1=9.9999999999999997989e-13
BrLen9_1=0.012951356092686864066
BrLen7_1=0.012848769049885164911
BrLen8_1=0.012351023307467788245
BrLen16_1=0.012423861894029285952
BrLen12_1=9.9999999999999997989e-13
BrLen15_1=0.011889147923441402421
BrLen13_1=9.9999999999999997989e-13
BrLen14_1=9.9999999999999997989e-13
BrLen28_1=0.015650904871891767323
BrLen20_1=0.053526046343024519247
BrLen27_1=0.014939377527613553753
BrLen23_1=0.011138972775808332963
BrLen21_1=9.9999999999999997989e-13
BrLen22_1=9.9999999999999997989e-13
BrLen26_1=0.014504120129114277116
BrLen24_1=9.9999999999999997989e-13
BrLen25_1=9.9999999999999997989e-13
BrLen42_1=0.092870644871117263852
BrLen36_1=0.011683537418935633495
BrLen30_1=0.040004136813576167409
BrLen35_1=0.063030726582697704785
BrLen31_1=0.015484084697254277274
BrLen34_1=0.11916818552270365406
BrLen32_1=9.9999999999999997989e-13
BrLen33_1=9.9999999999999997989e-13
BrLen41_1=0.1309350023533552565
BrLen37_1=0.2393262724557173593
BrLen40_1=0.029005147894120175689
BrLen38_1=0.15076904500638660389
BrLen39_1=0.028201949749950005336
