f(x)=1026.4140560819548682
DFP07.1_Full.theta_1=0.60638577934620674359
DFP07.1_Full.theta1_1=0.45867948278426218245
DFP07.1_Full.theta2_1=0.5739209683099782966
DFP07.2_Full.theta_1=0.70378107470427631043
DFP07.2_Full.theta1_1=0.266112289756753162
DFP07.2_Full.theta2_1=0.4188474854051674745
DFP07.3_Full.theta_1=0.62208950678642016552
DFP07.3_Full.theta1_1=0.52855436324687588012
DFP07.3_Full.theta2_1=0.62650335269010204442
DFP07.p0_1=1
DFP07.tr_1=4.4668947543112311749
DFP07.trr_1=9.9999999999999997989e-13
DFP07.trv_1=9.9999999999999997989e-13
DFP07.tsub_1=9.9999999999999997989e-13
DFP07.tvv_1=9.9999999999999997989e-13
DFP07.omega_1=0.11936824591829386932
root.1_Full.theta_1=0.67858419319969887074
root.1_Full.theta1_1=0.45085572755452907323
root.1_Full.theta2_1=0.3798418197747372993
root.2_Full.theta_1=0.53782587729340169957
root.2_Full.theta1_1=0.62440678842752828093
root.2_Full.theta2_1=0.59766025090252128393
root.3_Full.theta_1=0.93060586479673845783
root.3_Full.theta1_1=0.57066599550490393344
root.3_Full.theta2_1=0.38165705809097005829
Gamma.alpha_1=2.8276776578075986102
BrLen0_1=0.016845654862585025813
BrLen35_1=0.015798286300122685311
BrLen1_1=0.0080718428110822353083
BrLen34_1=9.9999999999999997989e-13
BrLen20_1=0.024390140048019145341
BrLen8_1=0.0080656886114836290336
BrLen6_1=0.0080909692766124984703
BrLen2_1=9.9999999999999997989e-13
BrLen5_1=9.9999999999999997989e-13
BrLen3_1=9.9999999999999997989e-13
BrLen4_1=9.9999999999999997989e-13
BrLen7_1=9.9999999999999997989e-13
BrLen19_1=9.9999999999999997989e-13
BrLen9_1=0.0080952731958398894963
BrLen18_1=0.015253291145226333114
BrLen10_1=0.009195744875652566569
BrLen17_1=2.5162616099353769528
BrLen11_1=2.075925933730304429
BrLen16_1=0.2573462171894655981
BrLen12_1=9.9999999999999997989e-13
BrLen15_1=9.9999999999999997989e-13
BrLen13_1=9.9999999999999997989e-13
BrLen14_1=0.19237545627931149084
BrLen33_1=0.068347239467343653962
BrLen21_1=0.026193971858320397317
BrLen32_1=0.0066279897917177693981
BrLen24_1=0.0081078178844852782231
BrLen22_1=9.9999999999999997989e-13
BrLen23_1=9.9999999999999997989e-13
BrLen31_1=9.9999999999999997989e-13
BrLen25_1=0.21771011045468832701
BrLen30_1=9.9999999999999997989e-13
BrLen26_1=0.0080641621828407405309
BrLen29_1=9.9999999999999997989e-13
BrLen27_1=9.9999999999999997989e-13
BrLen28_1=0.016261807580328122014
BrLen38_1=0.0085635169536428419612
BrLen36_1=9.9999999999999997989e-13
BrLen37_1=0.0080980662184585317648
