f(x)=201.11385655122128924
DFP07.1_Full.theta_1=0.68957434743479006922
DFP07.1_Full.theta1_1=0.52419081553557111963
DFP07.1_Full.theta2_1=0.70728756298118622414
DFP07.2_Full.theta_1=0.4310496070761280496
DFP07.2_Full.theta1_1=0.3405981661587648146
DFP07.2_Full.theta2_1=0.44802783309958998936
DFP07.3_Full.theta_1=0.47912965924643469151
DFP07.3_Full.theta1_1=0.60774855352354084648
DFP07.3_Full.theta2_1=0.32771675709711844959
DFP07.p0_1=1
DFP07.tr_1=2.9446288952816113138
DFP07.trr_1=2.8763077465066717586
DFP07.trv_1=6.7257293899563859391e-10
DFP07.tsub_1=9.9999999999999997989e-13
DFP07.tvv_1=0.1378172337964301275
DFP07.omega_1=0.067223336625131413502
root.1_Full.theta_1=0.78776285459287842539
root.1_Full.theta1_1=0.37762554928789293651
root.1_Full.theta2_1=0.66668670192245804706
root.2_Full.theta_1=0.51044094621121161026
root.2_Full.theta1_1=0.6700171093080862228
root.2_Full.theta2_1=0.47385181155893285609
root.3_Full.theta_1=0.89062387868651293754
root.3_Full.theta1_1=0.26061374169588025218
root.3_Full.theta2_1=0.60721079800490185274
Gamma.alpha_1=0.40442109676093962456
BrLen0_1=9.9999999999999997989e-13
BrLen31_1=9.9999999999999997989e-13
BrLen1_1=9.9999999999999997989e-13
BrLen30_1=9.9999999999999997989e-13
BrLen16_1=9.9999999999999997989e-13
BrLen10_1=9.9999999999999997989e-13
BrLen2_1=10757.181557413146948
BrLen9_1=9.9999999999999997989e-13
BrLen3_1=9.9999999999999997989e-13
BrLen8_1=9.9999999999999997989e-13
BrLen4_1=9.9999999999999997989e-13
BrLen7_1=9.9999999999999997989e-13
BrLen5_1=9.9999999999999997989e-13
BrLen6_1=9.9999999999999997989e-13
BrLen15_1=2.4854188464661812752
BrLen11_1=9.9999999999999997989e-13
BrLen14_1=9.9999999999999997989e-13
BrLen12_1=9.9999999999999997989e-13
BrLen13_1=9.9999999999999997989e-13
BrLen29_1=0.02914080546942527869
BrLen25_1=0.029215565753192212356
BrLen23_1=9.9999999999999997989e-13
BrLen17_1=9.9999999999999997989e-13
BrLen22_1=9.9999999999999997989e-13
BrLen18_1=9.9999999999999997989e-13
BrLen21_1=9.9999999999999997989e-13
BrLen19_1=9.9999999999999997989e-13
BrLen20_1=9.9999999999999997989e-13
BrLen24_1=0.35651604406466841368
BrLen28_1=9.9999999999999997989e-13
BrLen26_1=9.9999999999999997989e-13
BrLen27_1=0.029204542973672375367
BrLen38_1=0.031025119859354955559
BrLen32_1=9.9999999999999997989e-13
BrLen37_1=0.031341534790086056361
BrLen33_1=9.9999999999999997989e-13
BrLen36_1=9.9999999999999997989e-13
BrLen34_1=9.9999999999999997989e-13
BrLen35_1=9.9999999999999997989e-13
