f(x)=2172.7419837188167548
DFP07.1_Full.theta_1=0.58524730127190571771
DFP07.1_Full.theta1_1=0.52977340028191044485
DFP07.1_Full.theta2_1=0.49569271724349051045
DFP07.2_Full.theta_1=0.64128367433326827207
DFP07.2_Full.theta1_1=0.49406222850430175919
DFP07.2_Full.theta2_1=0.38973698632291386978
DFP07.3_Full.theta_1=0.69150824940729260781
DFP07.3_Full.theta1_1=0.51161419805078311995
DFP07.3_Full.theta2_1=0.50583674679761891912
DFP07.p0_1=1
DFP07.tr_1=1.8190621257193047011
DFP07.trr_1=9.9999999999999997989e-13
DFP07.trv_1=9.9999999999999997989e-13
DFP07.tsub_1=9.9999999999999997989e-13
DFP07.tvv_1=0.011413945632149063991
DFP07.omega_1=0.23209155056420907592
root.1_Full.theta_1=0.70012896756797959874
root.1_Full.theta1_1=0.37180224744852991003
root.1_Full.theta2_1=0.48308598365006644171
root.2_Full.theta_1=0.54278486009300463966
root.2_Full.theta1_1=0.54729108267225190509
root.2_Full.theta2_1=0.37239226890969978623
root.3_Full.theta_1=0.88277121090273957815
root.3_Full.theta1_1=0.54502660952145809414
root.3_Full.theta2_1=0.38674037093653290675
Gamma.alpha_1=2.0215108904936673895
BrLen0_1=9.9999999999999997989e-13
BrLen43_1=0.0097847647140057308901
BrLen27_1=0.0013919788365306710008
BrLen1_1=0.033622880623582644677
BrLen26_1=0.04894693509889896238
BrLen12_1=0.031624146081751139392
BrLen2_1=0.036332027756561059706
BrLen11_1=0.014700630006494625271
BrLen3_1=0.038592954699143464103
BrLen10_1=0.016123889715678553503
BrLen4_1=0.0098077629311418539765
BrLen9_1=9.9999999999999997989e-13
BrLen7_1=0.0048842009417962451573
BrLen5_1=9.9999999999999997989e-13
BrLen6_1=9.9999999999999997989e-13
BrLen8_1=0.019715129582253913126
BrLen25_1=0.034004644308587933521
BrLen13_1=0.16195727226920708652
BrLen24_1=0.0080415887833963639597
BrLen18_1=0.042226304535975339727
BrLen14_1=0.053896121794685496187
BrLen17_1=0.0049075870919560596675
BrLen15_1=0.085490595232239466328
BrLen16_1=0.068153051589034729929
BrLen23_1=0.081575066061511450344
BrLen19_1=0.23046367718515853307
BrLen22_1=0.020357463844181536428
BrLen20_1=0.06842681826662293243
BrLen21_1=0.059399572790817291301
BrLen42_1=9.9999999999999997989e-13
BrLen30_1=0.023897909754865945958
BrLen28_1=0.01177696923917188887
BrLen29_1=0.0059985207922000904901
BrLen41_1=0.0098341918068701392186
BrLen35_1=0.0098431411254364491181
BrLen33_1=9.9999999999999997989e-13
BrLen31_1=9.9999999999999997989e-13
BrLen32_1=9.9999999999999997989e-13
BrLen34_1=0.051028648583390519289
BrLen40_1=0.0048613041191125552082
BrLen36_1=0.014784253642984506588
BrLen39_1=0.0049166521159007998965
BrLen37_1=0.0049128316419174518012
BrLen38_1=0.024246353784020246297
BrLen46_1=0.014733973607396089189
BrLen44_1=0.0048961078568229557048
BrLen45_1=0.0050386815119346428302
