f(x)=2018.5326626220205526
YNGP_M8.1_Full.theta_1=0.48923205614365172789
YNGP_M8.1_Full.theta1_1=0.47431262738771451382
YNGP_M8.1_Full.theta2_1=0.45868724673252203594
YNGP_M8.2_Full.theta_1=0.66895589425198065392
YNGP_M8.2_Full.theta1_1=0.48803277451890503258
YNGP_M8.2_Full.theta2_1=0.27312539121466550274
YNGP_M8.3_Full.theta_1=0.49477302599392514182
YNGP_M8.3_Full.theta1_1=0.47273881645412296759
YNGP_M8.3_Full.theta2_1=0.48526639842996621699
YNGP_M8.kappa_1=8.2837537798439218051
YNGP_M8.p_1=0.00010000000000000000479
YNGP_M8.q_1=2.9976947593804883496
YNGP_M8.p0_1=0.9791045283050771042
YNGP_M8.omegas_1=7.4545431829345467634
root.1_Full.theta_1=0.68581634870251395597
root.1_Full.theta1_1=0.55089567456462951167
root.1_Full.theta2_1=0.51604321885658999136
root.2_Full.theta_1=0.60662829731946898981
root.2_Full.theta1_1=0.48534260898996223199
root.2_Full.theta2_1=0.35562199525489507357
root.3_Full.theta_1=0.73483693149264917022
root.3_Full.theta1_1=0.39719284164370916024
root.3_Full.theta2_1=0.42452269896674083016
Gamma.alpha_1=0.99084092922559807715
BrLen0_1=0.0097585906216965476873
BrLen5_1=0.0045360344785058603553
BrLen1_1=0.015272975482085893173
BrLen4_1=0.018235304854137632941
BrLen2_1=0.045821213582720246582
BrLen3_1=0.0084111756518715444925
BrLen42_1=0.015800951570723750089
BrLen18_1=0.010049066298081993712
BrLen6_1=0.030065414766128398943
BrLen17_1=0.0053093312529836475186
BrLen11_1=9.9999999999999997989e-13
BrLen7_1=0.02524434156490921663
BrLen10_1=0.0049689531761761430301
BrLen8_1=0.0049673029982805726179
BrLen9_1=9.9999999999999997989e-13
BrLen16_1=0.0049646383730550473073
BrLen12_1=0.0049661881721563593331
BrLen15_1=9.9999999999999997989e-13
BrLen13_1=9.9999999999999997989e-13
BrLen14_1=9.9999999999999997989e-13
BrLen41_1=0.034183786716308325881
BrLen31_1=0.049857547344241123777
BrLen25_1=0.040585333850852937931
BrLen19_1=0.028421717574221086466
BrLen24_1=0.015953690682404601114
BrLen20_1=0.043630281825285659181
BrLen23_1=0.10189984485732075936
BrLen21_1=9.9999999999999997989e-13
BrLen22_1=0.07400529284910835337
BrLen30_1=0.064842514478333973527
BrLen26_1=0.23251141006983322423
BrLen29_1=0.11849755121770075283
BrLen27_1=0.062551113258767415681
BrLen28_1=0.10444038712089598331
BrLen40_1=0.01136913884208771118
BrLen32_1=0.025077406297130212798
BrLen39_1=0.010022048667394142102
BrLen33_1=0.024679260158799797703
BrLen38_1=9.9999999999999997989e-13
BrLen34_1=0.014677402800277860456
BrLen37_1=0.0048641669096533774255
BrLen35_1=9.9999999999999997989e-13
BrLen36_1=0.0048585550592821560856
