f(x)=1844.6310745565506295
YNGP_M2.1_Full.theta_1=0.58432568458420797164
YNGP_M2.1_Full.theta1_1=0.56332894487057605382
YNGP_M2.1_Full.theta2_1=0.50201821694263815132
YNGP_M2.2_Full.theta_1=0.66502410471394157732
YNGP_M2.2_Full.theta1_1=0.63196341284107737657
YNGP_M2.2_Full.theta2_1=0.36166897150257459881
YNGP_M2.3_Full.theta_1=0.61313628260143759885
YNGP_M2.3_Full.theta1_1=0.5306575218906799396
YNGP_M2.3_Full.theta2_1=0.51219540502046190245
YNGP_M2.kappa_1=2.8750350156796438128
YNGP_M2.theta1_1=0.82525548631864964477
YNGP_M2.theta2_1=0.21812767625197129751
YNGP_M2.omega0_1=0.0020000000000000000416
YNGP_M2.omega2_1=1.3283564452514946552
root.1_Full.theta_1=0.61140651653722144498
root.1_Full.theta1_1=0.52675079238526045788
root.1_Full.theta2_1=0.49929578310650940542
root.2_Full.theta_1=0.52089559333146295828
root.2_Full.theta1_1=0.6255988296152180661
root.2_Full.theta2_1=0.498009441378200024
root.3_Full.theta_1=0.93902249887194400024
root.3_Full.theta1_1=0.36372794193826774034
root.3_Full.theta2_1=0.39828157270781305854
Gamma.alpha_1=1.1604510205228915076
BrLen0_1=0.21931080199194227798
BrLen3_1=0.10096281772029438994
BrLen1_1=0.13877486214996512248
BrLen2_1=0.051077315192213749995
BrLen32_1=0.014516149547918438811
BrLen4_1=0.1953200098869623258
BrLen31_1=0.049222925756660186603
BrLen27_1=0.044551845129138942236
BrLen11_1=0.036189376034835046836
BrLen5_1=0.050359687974111076725
BrLen10_1=0.010257717532698813409
BrLen6_1=0.02465155505447993306
BrLen9_1=0.012845641134368868119
BrLen7_1=0.0016658932821312206173
BrLen8_1=0.021364071697590303334
BrLen26_1=0.020361806054545621147
BrLen12_1=0.28221284121197137695
BrLen25_1=9.9999999999999997989e-13
BrLen13_1=0.039583825792836119239
BrLen24_1=0.0048234294648446893877
BrLen14_1=0.010736178838439755859
BrLen23_1=0.0052681921939979736019
BrLen15_1=0.025069492242775132107
BrLen22_1=0.0046825344917862127964
BrLen16_1=0.0048905112157814970009
BrLen21_1=9.9999999999999997989e-13
BrLen17_1=0.0048934581389514742941
BrLen20_1=0.0098407875331912725292
BrLen18_1=0.057173094689754275222
BrLen19_1=9.9999999999999997989e-13
BrLen30_1=0.051269940031796891466
BrLen28_1=0.0092657610317801852168
BrLen29_1=0.0052547657076778310492
