f(x)=3651.365501356254299
DFP07.1_Full.theta_1=0.55638641445935288488
DFP07.1_Full.theta1_1=0.52968012710748124672
DFP07.1_Full.theta2_1=0.44055139979993951371
DFP07.2_Full.theta_1=0.54047470967620414584
DFP07.2_Full.theta1_1=0.66135490967970289589
DFP07.2_Full.theta2_1=0.47497234231022578133
DFP07.3_Full.theta_1=0.62250683744212564896
DFP07.3_Full.theta1_1=0.46656260712148034386
DFP07.3_Full.theta2_1=0.52562319555470327082
DFP07.p0_1=1
DFP07.tr_1=4.1356635849480678502
DFP07.trr_1=9.1593618930316788932e-07
DFP07.trv_1=0.029841293770092709725
DFP07.tsub_1=9.9999999999999997989e-13
DFP07.tvv_1=9.9999999999999997989e-13
DFP07.omega_1=0.99799999999999999822
root.1_Full.theta_1=0.51490201584702632864
root.1_Full.theta1_1=0.64246299985843358105
root.1_Full.theta2_1=0.51109566166294084777
root.2_Full.theta_1=0.45052108979190269578
root.2_Full.theta1_1=0.6243261017588742634
root.2_Full.theta2_1=0.45327548340574108643
root.3_Full.theta_1=0.56888171346731919442
root.3_Full.theta1_1=0.52393694144607116936
root.3_Full.theta2_1=0.43448492066711014159
Gamma.alpha_1=1.8806223040068084096
BrLen0_1=0.0029282339437689368367
BrLen1_1=9.9999999999999997989e-13
BrLen22_1=0.17854730029500118227
BrLen2_1=0.11629201457321516888
BrLen21_1=0.16056641080083036699
BrLen3_1=3.879578237794879314
BrLen20_1=0.16943294449303333837
BrLen6_1=0.03982820259499986193
BrLen4_1=0.0029741323677488808175
BrLen5_1=0.0029190204810494091089
BrLen19_1=0.0045561688013419573973
BrLen7_1=0.080673688392047249174
BrLen18_1=0.050687872670447144119
BrLen8_1=0.014218898231592020515
BrLen17_1=0.0062169471692670539437
BrLen11_1=0.0052579023272872737332
BrLen9_1=0.0031652228651323681755
BrLen10_1=0.0031606954211629979638
BrLen16_1=0.017035159417923804309
BrLen12_1=0.0031560951197563405154
BrLen15_1=9.9999999999999997989e-13
BrLen13_1=9.9999999999999997989e-13
BrLen14_1=0.0031565231986481617765
