f(x)=1241.8079259226976774
YNGP_M2.1_Full.theta_1=0.6281782860853715178
YNGP_M2.1_Full.theta1_1=0.46516286734983186557
YNGP_M2.1_Full.theta2_1=0.60813227789216217634
YNGP_M2.2_Full.theta_1=0.65798410393105333238
YNGP_M2.2_Full.theta1_1=0.30703986130483518213
YNGP_M2.2_Full.theta2_1=0.43013471891726190455
YNGP_M2.3_Full.theta_1=0.59020673136723234009
YNGP_M2.3_Full.theta1_1=0.5672578444684939214
YNGP_M2.3_Full.theta2_1=0.61837302974583563397
YNGP_M2.kappa_1=3.2416473904132314665
YNGP_M2.theta1_1=1
YNGP_M2.theta2_1=1
YNGP_M2.omega0_1=0.16433139253356637832
YNGP_M2.omega2_1=1.0020000000000000018
root.1_Full.theta_1=0.69858046187769951008
root.1_Full.theta1_1=0.44088444624320266563
root.1_Full.theta2_1=0.44050342071833542557
root.2_Full.theta_1=0.53258266772119455812
root.2_Full.theta1_1=0.63345947544198721868
root.2_Full.theta2_1=0.57610836282617405857
root.3_Full.theta_1=0.92844138245989060731
root.3_Full.theta1_1=0.45006523739737236411
root.3_Full.theta2_1=0.41818051825453639303
Gamma.alpha_1=1.8253386528479043083
BrLen32_1=0.0064558644536650286808
BrLen12_1=0.060316773399558126778
BrLen0_1=0.020638236420061639026
BrLen11_1=0.0049239610846600811653
BrLen1_1=0.019431767826416618261
BrLen10_1=0.0062566404442749180143
BrLen4_1=0.0062795139937053138027
BrLen2_1=9.9999999999999997989e-13
BrLen3_1=9.9999999999999997989e-13
BrLen9_1=9.9999999999999997989e-13
BrLen5_1=0.23738829689572649162
BrLen8_1=9.9999999999999997989e-13
BrLen6_1=0.0062476161309353624856
BrLen7_1=9.9999999999999997989e-13
BrLen31_1=0.018986389723932423773
BrLen13_1=0.019054466211537390841
BrLen30_1=9.9999999999999997989e-13
BrLen14_1=0.0063028812964088928514
BrLen29_1=0.00628400577997822226
BrLen19_1=0.0062969202031007091153
BrLen17_1=9.9999999999999997989e-13
BrLen15_1=9.9999999999999997989e-13
BrLen16_1=9.9999999999999997989e-13
BrLen18_1=9.9999999999999997989e-13
BrLen28_1=9.9999999999999997989e-13
BrLen20_1=9.9999999999999997989e-13
BrLen27_1=2.8077896306392897685
BrLen21_1=2.5792488696176349983
BrLen26_1=0.23626413149113195677
BrLen22_1=9.9999999999999997989e-13
BrLen25_1=9.9999999999999997989e-13
BrLen23_1=0.165345054365761579
BrLen24_1=9.9999999999999997989e-13
BrLen33_1=0.0063141520199971948313
BrLen38_1=0.019431151417339247167
BrLen34_1=0.012458086371242091048
BrLen37_1=0.0065351678721073747438
BrLen35_1=9.9999999999999997989e-13
BrLen36_1=0.0063297039964062759565
