f(x)=1181.7786550839837219
YNGP_M7.1_Full.theta_1=0.5014163198768871732
YNGP_M7.1_Full.theta1_1=0.59213335148418189124
YNGP_M7.1_Full.theta2_1=0.51866572317674708437
YNGP_M7.2_Full.theta_1=0.54738602071061193133
YNGP_M7.2_Full.theta1_1=0.64400075896246311569
YNGP_M7.2_Full.theta2_1=0.54987330532862277455
YNGP_M7.3_Full.theta_1=0.5880383292826910635
YNGP_M7.3_Full.theta1_1=0.40623939331785213769
YNGP_M7.3_Full.theta2_1=0.44713786478764810939
YNGP_M7.kappa_1=5.2847414605698386225
YNGP_M7.p_1=0.00010000000000000000479
YNGP_M7.q_1=0.14130739152130053493
root.1_Full.theta_1=0.60493137904359273183
root.1_Full.theta1_1=0.46437651724517181595
root.1_Full.theta2_1=0.45491067205455548716
root.2_Full.theta_1=0.63006712772348960616
root.2_Full.theta1_1=0.43052157501706589393
root.2_Full.theta2_1=0.4321432512488869726
root.3_Full.theta_1=0.58572482562878647183
root.3_Full.theta1_1=0.4307918516740782966
root.3_Full.theta2_1=0.43546304226841675566
Gamma.alpha_1=5.1512298785109909005
BrLen0_1=0.039466195864713088381
BrLen1_1=0.12231514791528606823
BrLen18_1=0.11797453177348574127
BrLen2_1=0.51511840457102975321
BrLen17_1=0.031980522277015775712
BrLen5_1=0.031842240007735368723
BrLen3_1=0.0078018817231137738144
BrLen4_1=0.007871327506532717691
BrLen16_1=0.023986944803501625972
BrLen8_1=0.031386480893448635843
BrLen6_1=0.03160798441418569138
BrLen7_1=0.0077201673323997960577
BrLen15_1=0.0080844184639745440141
BrLen9_1=0.063213158440279762496
BrLen14_1=0.015774154992086533017
BrLen10_1=0.015590346320619289516
BrLen13_1=0.023422876473707578832
BrLen11_1=9.9999999999999997989e-13
BrLen12_1=0.038934274387947637175
