f(x)=2767.8075847025502298
YNGP_M1.1_Full.theta_1=0.4843450247524794805
YNGP_M1.1_Full.theta1_1=0.47461319061160950339
YNGP_M1.1_Full.theta2_1=0.50894748500508990574
YNGP_M1.2_Full.theta_1=0.65595953241166415904
YNGP_M1.2_Full.theta1_1=0.50086052930497837465
YNGP_M1.2_Full.theta2_1=0.27756728606699898609
YNGP_M1.3_Full.theta_1=0.53929512444132976512
YNGP_M1.3_Full.theta1_1=0.44973157719332218507
YNGP_M1.3_Full.theta2_1=0.45891887950147886022
YNGP_M1.kappa_1=8.2731097438089218343
YNGP_M1.p0_1=0.89656681347273292637
YNGP_M1.omega_1=0.0020000000000000000416
root.1_Full.theta_1=0.62759640021973206458
root.1_Full.theta1_1=0.5229306599985080739
root.1_Full.theta2_1=0.50764666400667401991
root.2_Full.theta_1=0.52965771912990489145
root.2_Full.theta1_1=0.53029373980658078835
root.2_Full.theta2_1=0.39349891065189129824
root.3_Full.theta_1=0.76686729952501642149
root.3_Full.theta1_1=0.39246091498849910995
root.3_Full.theta2_1=0.437530948807144493
Gamma.alpha_1=0.7577230635425564742
BrLen0_1=0.020384958223764508556
BrLen3_1=0.015185613755295103086
BrLen1_1=0.035734209105203175449
BrLen2_1=0.0060994182803190940059
BrLen36_1=0.015163426638821992515
BrLen16_1=0.011672729809074740975
BrLen4_1=0.021177164604899011147
BrLen15_1=0.0038431055100228207234
BrLen9_1=0.0070485180976762300958
BrLen5_1=0.0035646517718899866679
BrLen8_1=0.0035112927400698591869
BrLen6_1=9.9999999999999997989e-13
BrLen7_1=9.9999999999999997989e-13
BrLen14_1=0.0036206682945478995891
BrLen10_1=0.01778984829447755045
BrLen13_1=0.0071783011114486148727
BrLen11_1=0.0069890151912582508878
BrLen12_1=0.0035853436071619556452
BrLen35_1=0.029148307986352060828
BrLen27_1=0.050651880252708163244
BrLen21_1=0.07151305128524274024
BrLen17_1=0.21102304640380717404
BrLen20_1=0.099743932192227116595
BrLen18_1=0.059346273875201811798
BrLen19_1=0.10177493658274913702
BrLen26_1=0.061325312057455054482
BrLen22_1=0.041165391699483522281
BrLen25_1=0.098557118305106342082
BrLen23_1=9.9999999999999997989e-13
BrLen24_1=0.025045567686988113448
BrLen34_1=0.013718476890312499353
BrLen28_1=0.029007572479749658967
BrLen33_1=0.010920587597101634458
BrLen29_1=0.010578773553513583575
BrLen32_1=9.9999999999999997989e-13
BrLen30_1=0.017701434279705989538
BrLen31_1=0.010403595953390845294
