f(x)=3651.3577046350301316
DFP07.1_Full.theta_1=0.5563864333895871539
DFP07.1_Full.theta1_1=0.52968012858464463832
DFP07.1_Full.theta2_1=0.44055134751997482301
DFP07.2_Full.theta_1=0.54047469714000351271
DFP07.2_Full.theta1_1=0.66135491606215779381
DFP07.2_Full.theta2_1=0.47497233769638863565
DFP07.3_Full.theta_1=0.6225068482121276503
DFP07.3_Full.theta1_1=0.46656255822481174089
DFP07.3_Full.theta2_1=0.5256232037562232895
DFP07.p0_1=0.0054687500000000005204
DFP07.tr_1=4.1400343523979810101
DFP07.trr_1=5.0089985683843089001e-08
DFP07.trv_1=0.0298685154967677155
DFP07.tsub_1=9.9999999999999997989e-13
DFP07.tvv_1=9.9999999999999997989e-13
DFP07.omega_1=0.99799999999999999822
root.1_Full.theta_1=0.51490201584671824175
root.1_Full.theta1_1=0.64246299985907873165
root.1_Full.theta2_1=0.51109566166240383289
root.2_Full.theta_1=0.45052108979151112012
root.2_Full.theta1_1=0.62432610175809444275
root.2_Full.theta2_1=0.45327548340547030303
root.3_Full.theta_1=0.56888171346729854427
root.3_Full.theta1_1=0.52393694144607716456
root.3_Full.theta2_1=0.43448492066712218751
Gamma.alpha_1=1.8803993597154520234
BrLen0_1=9.9999999999999997989e-13
BrLen1_1=0.0029282340523674741176
BrLen22_1=0.17854730323956186089
BrLen2_1=0.1162920187770792313
BrLen21_1=0.16056748788691069252
BrLen3_1=3.8795789373075422191
BrLen20_1=0.16943169116473935643
BrLen6_1=0.039828203036545314908
BrLen4_1=0.0029190206707686546309
BrLen5_1=0.0029741324072285009114
BrLen19_1=0.0045561683379866015769
BrLen7_1=0.080673691663851840317
BrLen18_1=0.05068787495350731559
BrLen8_1=0.014218899168884774342
BrLen17_1=0.0062169474032510406436
BrLen11_1=0.0052579022247418475897
BrLen9_1=0.0031652229838739164534
BrLen10_1=0.0031606955398719976252
BrLen16_1=0.017035160449381685221
BrLen12_1=0.0031560952394511319202
BrLen15_1=9.9999999999999997989e-13
BrLen13_1=0.003156523318806672522
BrLen14_1=9.9999999999999997989e-13
