f(x)=931.18481105803016362
YN98.kappa_1=3.0587844981612555273
YN98.omega_1=0.36221072948250454537
YN98.1_Full.theta_1=0.59913119301883055456
YN98.1_Full.theta1_1=0.47341871643817634574
YN98.1_Full.theta2_1=0.48315066950081386743
YN98.2_Full.theta_1=0.6726586058391964551
YN98.2_Full.theta1_1=0.65590976565680092492
YN98.2_Full.theta2_1=0.38792852973216251922
YN98.3_Full.theta_1=0.60533115700261330705
YN98.3_Full.theta1_1=0.42179194271267089755
YN98.3_Full.theta2_1=0.54273466098588629691
root.1_Full.theta_1=0.76027451139575974448
root.1_Full.theta1_1=0.57104147797815707488
root.1_Full.theta2_1=0.52234063995659285595
root.2_Full.theta_1=0.61755893561298047523
root.2_Full.theta1_1=0.60287949552779884765
root.2_Full.theta2_1=0.45061059433323891188
root.3_Full.theta_1=0.92717067873359293451
root.3_Full.theta1_1=0.75314866578039452172
root.3_Full.theta2_1=0.43273103509431110059
Gamma.alpha_1=11097.424597981018451
BrLen0_1=0.35099084433009830608
BrLen1_1=9.9999999999999997989e-13
BrLen34_1=0.099193472037997776347
BrLen2_1=0.15896047302922156064
BrLen33_1=0.09357685751868015378
BrLen27_1=9.9999999999999997989e-13
BrLen25_1=9.9999999999999997989e-13
BrLen9_1=0.11393388542314487888
BrLen3_1=0.34606851583233616543
BrLen8_1=0.045526880133342675916
BrLen4_1=0.12138246517740103325
BrLen7_1=0.020233394187000392633
BrLen5_1=0.0099484085811583425341
BrLen6_1=0.019630643793565660804
BrLen24_1=0.042343733654107068576
BrLen14_1=0.030406319116377186762
BrLen10_1=9.9999999999999997989e-13
BrLen13_1=0.014502107718571558351
BrLen11_1=0.01450210770881520464
BrLen12_1=0.97362085310073998023
BrLen23_1=0.021591166964444633708
BrLen15_1=0.030498513995928181602
BrLen22_1=0.0098166804383469207645
BrLen16_1=0.0099943427984579835677
BrLen21_1=9.9999999999999997989e-13
BrLen19_1=0.020127500359660276813
BrLen17_1=9.9999999999999997989e-13
BrLen18_1=0.54907779018910241042
BrLen20_1=0.009994523053682723146
BrLen26_1=9.9999999999999997989e-13
BrLen32_1=0.041723594914150126389
BrLen28_1=0.050501063914509473907
BrLen31_1=9.9999999999999997989e-13
BrLen29_1=0.029891815728658545359
BrLen30_1=0.071118381070321520787
