f(x)=1181.4212577902496832
YNGP_M7.1_Full.theta_1=0.52478962089946590286
YNGP_M7.1_Full.theta1_1=0.52088353933133213491
YNGP_M7.1_Full.theta2_1=0.44846033053188089079
YNGP_M7.2_Full.theta_1=0.54088767537268100938
YNGP_M7.2_Full.theta1_1=0.51947870752089952973
YNGP_M7.2_Full.theta2_1=0.41407501832197529668
YNGP_M7.3_Full.theta_1=0.66461329762081144956
YNGP_M7.3_Full.theta1_1=0.31025642490472921109
YNGP_M7.3_Full.theta2_1=0.43747066693965086515
YNGP_M7.kappa_1=4.3072751748378177439
YNGP_M7.p_1=3.6234358861840556543
YNGP_M7.q_1=4.7765462920954737669
root.1_Full.theta_1=0.59855077507426079908
root.1_Full.theta1_1=0.56669464617092213388
root.1_Full.theta2_1=0.54144719184942602386
root.2_Full.theta_1=0.51478980105665961275
root.2_Full.theta1_1=0.52677073076092828519
root.2_Full.theta2_1=0.53366118448830168752
root.3_Full.theta_1=0.66148111813395138459
root.3_Full.theta1_1=0.42432101621638507183
root.3_Full.theta2_1=0.58825948906614422551
Gamma.alpha_1=5.7941864435471499561
BrLen0_1=0.058002702905411374079
BrLen1_1=0.034657109526648889608
BrLen18_1=0.052138721553816602672
BrLen2_1=0.38498069388118455469
BrLen17_1=0.021461943662745546629
BrLen5_1=0.056734977489873293643
BrLen3_1=0.006709352107299882545
BrLen4_1=0.035043544875060110566
BrLen16_1=0.028475624960235229599
BrLen10_1=0.013942814562073923418
BrLen6_1=0.035224672255727861037
BrLen9_1=9.9999999999999997989e-13
BrLen7_1=9.9999999999999997989e-13
BrLen8_1=9.9999999999999997989e-13
BrLen15_1=0.013986576732714858101
BrLen11_1=0.020968980913481878592
BrLen14_1=9.9999999999999997989e-13
BrLen12_1=0.02794213635043026403
BrLen13_1=0.034939508951664761949
