f(x)=1187.6476266544987084
DFP07.1_Full.theta_1=0.52478962089946590286
DFP07.1_Full.theta1_1=0.52088353933133213491
DFP07.1_Full.theta2_1=0.44846033053188089079
DFP07.2_Full.theta_1=0.54088767537268100938
DFP07.2_Full.theta1_1=0.51947870752089952973
DFP07.2_Full.theta2_1=0.41407501832197529668
DFP07.3_Full.theta_1=0.66461329762081144956
DFP07.3_Full.theta1_1=0.31025642490472921109
DFP07.3_Full.theta2_1=0.43747066693965086515
DFP07.p0_1=0.67780347469665591653
DFP07.tr_1=4.7637266623506278052
DFP07.trr_1=5.6907929645491645975e-05
DFP07.trv_1=0.00015963061499116114718
DFP07.tsub_1=2.0418705665975837503e-07
DFP07.tvv_1=9.9999999999999997989e-13
DFP07.omega_1=0.18859803783606210459
root.1_Full.theta_1=0.59855077507426079908
root.1_Full.theta1_1=0.56669464617092213388
root.1_Full.theta2_1=0.54144719184942602386
root.2_Full.theta_1=0.51478980105665961275
root.2_Full.theta1_1=0.52677073076092828519
root.2_Full.theta2_1=0.53366118448830168752
root.3_Full.theta_1=0.66148111813395138459
root.3_Full.theta1_1=0.42432101621638507183
root.3_Full.theta2_1=0.58825948906614422551
Gamma.alpha_1=3.3817609984246224109
BrLen0_1=0.058002702905411374079
BrLen1_1=0.034657109526648889608
BrLen18_1=0.052138721553816602672
BrLen2_1=0.38498069388118455469
BrLen17_1=0.021461943662745546629
BrLen5_1=0.056734977489873293643
BrLen3_1=0.006709352107299882545
BrLen4_1=0.035043544875060110566
BrLen16_1=0.028475624960235229599
BrLen10_1=0.013942814562073923418
BrLen6_1=0.035224672255727861037
BrLen9_1=9.9999999999999997989e-13
BrLen7_1=9.9999999999999997989e-13
BrLen8_1=9.9999999999999997989e-13
BrLen15_1=0.013986576732714858101
BrLen11_1=0.020968980913481878592
BrLen14_1=9.9999999999999997989e-13
BrLen12_1=0.02794213635043026403
BrLen13_1=0.034939508951664761949
