f(x)=943.61172628610768243
DFP07.1_Full.theta_1=0.62607306292158981798
DFP07.1_Full.theta1_1=0.59259064644151848711
DFP07.1_Full.theta2_1=0.53562246782621147911
DFP07.2_Full.theta_1=0.58338933535991921442
DFP07.2_Full.theta1_1=0.69990609579902263171
DFP07.2_Full.theta2_1=0.48200010537897669538
DFP07.3_Full.theta_1=0.74078095827435674892
DFP07.3_Full.theta1_1=0.51356553880513911015
DFP07.3_Full.theta2_1=0.43549768582151371366
DFP07.p0_1=0.89400911021734796869
DFP07.tr_1=4.1745930904186483446
DFP07.trr_1=0.0001017164359403340023
DFP07.trv_1=1.769110427709443699e-08
DFP07.tsub_1=9.9999999999999997989e-13
DFP07.tvv_1=9.9999999999999997989e-13
DFP07.omega_1=0.0020003789158326810982
root.1_Full.theta_1=0.50812196334799231145
root.1_Full.theta1_1=0.50172871703518251429
root.1_Full.theta2_1=0.5142746127396418121
root.2_Full.theta_1=0.45120985161623239357
root.2_Full.theta1_1=0.63043702900663267652
root.2_Full.theta2_1=0.54938064157903199192
root.3_Full.theta_1=0.92729204909309270732
root.3_Full.theta1_1=0.47695200214099220393
root.3_Full.theta2_1=0.34615906454235328971
Gamma.alpha_1=1.6040719302457135953
BrLen0_1=9.9999999999999997989e-13
BrLen1_1=9.9999999999999997989e-13
BrLen34_1=9.9999999999999997989e-13
BrLen2_1=0.018629149650771829883
BrLen33_1=0.019011334878622387912
BrLen3_1=0.028693971875697135004
BrLen32_1=0.028610172155905728986
BrLen4_1=0.1846321036415262129
BrLen31_1=9.9999999999999997989e-13
BrLen23_1=9.9999999999999997989e-13
BrLen5_1=0.018776127244052136234
BrLen22_1=9.9999999999999997989e-13
BrLen8_1=9.9999999999999997989e-13
BrLen6_1=0.01877998978331445537
BrLen7_1=0.0094027433791612439334
BrLen21_1=9.9999999999999997989e-13
BrLen9_1=9.9999999999999997989e-13
BrLen20_1=9.9999999999999997989e-13
BrLen12_1=9.9999999999999997989e-13
BrLen10_1=9.9999999999999997989e-13
BrLen11_1=9.9999999999999997989e-13
BrLen19_1=0.009349843245431902275
BrLen15_1=9.9999999999999997989e-13
BrLen13_1=9.9999999999999997989e-13
BrLen14_1=9.9999999999999997989e-13
BrLen18_1=9.9999999999999997989e-13
BrLen16_1=0.018843674279673504335
BrLen17_1=0.047654306481152167163
BrLen30_1=0.036624142919243735106
BrLen24_1=0.085582290101773553226
BrLen29_1=0.044513697486849260199
BrLen25_1=0.15571667506135239423
BrLen28_1=0.041908045977750621458
BrLen26_1=0.091083358811988937576
BrLen27_1=0.048589670814297998558
