f(x)=935.00950404809100291
YNGP_M8.1_Full.theta_1=0.62508597870282589515
YNGP_M8.1_Full.theta1_1=0.5922726537707861949
YNGP_M8.1_Full.theta2_1=0.53595476849812151432
YNGP_M8.2_Full.theta_1=0.58313428217027829525
YNGP_M8.2_Full.theta1_1=0.7000256714028186833
YNGP_M8.2_Full.theta2_1=0.48317663104880537173
YNGP_M8.3_Full.theta_1=0.74176356436951906836
YNGP_M8.3_Full.theta1_1=0.51418640176620511451
YNGP_M8.3_Full.theta2_1=0.43560216715390925879
YNGP_M8.kappa_1=2.9871135037690392799
YNGP_M8.p_1=0.00010000000000000000479
YNGP_M8.q_1=12102.854264365520066
YNGP_M8.p0_1=0.96816439198405623845
YNGP_M8.omegas_1=4.9062204805993996359
root.1_Full.theta_1=0.50812196334801518205
root.1_Full.theta1_1=0.50172871703575216973
root.1_Full.theta2_1=0.51427461274044283801
root.2_Full.theta_1=0.45120985161548599063
root.2_Full.theta1_1=0.63043702900624154495
root.2_Full.theta2_1=0.54938064158008570459
root.3_Full.theta_1=0.92729204909304807636
root.3_Full.theta1_1=0.47695200213825589275
root.3_Full.theta2_1=0.34615906454232714395
Gamma.alpha_1=3.1724678333626425975
BrLen0_1=9.9999999999999997989e-13
BrLen1_1=9.9999999999999997989e-13
BrLen34_1=9.9999999999999997989e-13
BrLen2_1=0.016817312035952616811
BrLen33_1=0.018063978287781130155
BrLen3_1=0.028079402235169300533
BrLen32_1=0.034195163948907557339
BrLen4_1=0.1443614366046309383
BrLen31_1=9.9999999999999997989e-13
BrLen23_1=9.9999999999999997989e-13
BrLen5_1=0.015965498641294227633
BrLen22_1=9.9999999999999997989e-13
BrLen8_1=9.9999999999999997989e-13
BrLen6_1=0.020785967159987202985
BrLen7_1=0.0087451345183206016104
BrLen21_1=9.9999999999999997989e-13
BrLen9_1=9.9999999999999997989e-13
BrLen20_1=9.9999999999999997989e-13
BrLen12_1=9.9999999999999997989e-13
BrLen10_1=9.9999999999999997989e-13
BrLen11_1=9.9999999999999997989e-13
BrLen19_1=0.0095983117413435004722
BrLen15_1=9.9999999999999997989e-13
BrLen13_1=9.9999999999999997989e-13
BrLen14_1=9.9999999999999997989e-13
BrLen18_1=9.9999999999999997989e-13
BrLen16_1=0.017864531986157339283
BrLen17_1=0.033786009310463799293
BrLen30_1=0.041423708864065648949
BrLen24_1=0.086795935795285078518
BrLen29_1=0.043175779806749726986
BrLen25_1=0.262870795735023699
BrLen28_1=0.054096055076566236519
BrLen26_1=0.12608257974437483973
BrLen27_1=0.065786761251726846855
