f(x)=941.66840947498315018
YNGP_M7.1_Full.theta_1=0.62508597870282589515
YNGP_M7.1_Full.theta1_1=0.5922726537707861949
YNGP_M7.1_Full.theta2_1=0.53595476849812151432
YNGP_M7.2_Full.theta_1=0.58313428217027829525
YNGP_M7.2_Full.theta1_1=0.7000256714028186833
YNGP_M7.2_Full.theta2_1=0.48317663104880537173
YNGP_M7.3_Full.theta_1=0.74176356436951906836
YNGP_M7.3_Full.theta1_1=0.51418640176620511451
YNGP_M7.3_Full.theta2_1=0.43560216715390925879
YNGP_M7.kappa_1=2.460396146890952096
YNGP_M7.p_1=0.00010000000000000000479
YNGP_M7.q_1=1.6769388246745737803
root.1_Full.theta_1=0.50812196334801518205
root.1_Full.theta1_1=0.50172871703575216973
root.1_Full.theta2_1=0.51427461274044283801
root.2_Full.theta_1=0.45120985161548599063
root.2_Full.theta1_1=0.63043702900624154495
root.2_Full.theta2_1=0.54938064158008570459
root.3_Full.theta_1=0.92729204909304807636
root.3_Full.theta1_1=0.47695200213825589275
root.3_Full.theta2_1=0.34615906454232714395
Gamma.alpha_1=1.7372245676802609005
BrLen0_1=9.9999999999999997989e-13
BrLen1_1=9.9999999999999997989e-13
BrLen34_1=9.9999999999999997989e-13
BrLen2_1=0.018450291195032025859
BrLen33_1=0.018892842209031118772
BrLen3_1=0.028549228304402748946
BrLen32_1=0.028742967157064449463
BrLen4_1=0.18318828176147999853
BrLen31_1=9.9999999999999997989e-13
BrLen23_1=9.9999999999999997989e-13
BrLen5_1=0.018516350491113851839
BrLen22_1=9.9999999999999997989e-13
BrLen8_1=9.9999999999999997989e-13
BrLen6_1=0.0188040998864660025
BrLen7_1=0.0093470531247355388704
BrLen21_1=9.9999999999999997989e-13
BrLen9_1=9.9999999999999997989e-13
BrLen20_1=9.9999999999999997989e-13
BrLen12_1=9.9999999999999997989e-13
BrLen10_1=9.9999999999999997989e-13
BrLen11_1=9.9999999999999997989e-13
BrLen19_1=0.0093341614956387111701
BrLen15_1=9.9999999999999997989e-13
BrLen13_1=9.9999999999999997989e-13
BrLen14_1=9.9999999999999997989e-13
BrLen18_1=9.9999999999999997989e-13
BrLen16_1=0.018737398365080360635
BrLen17_1=0.046448961812617546585
BrLen30_1=0.036654345178154482121
BrLen24_1=0.085570899085549531615
BrLen29_1=0.044366298293797866437
BrLen25_1=0.1625582079402821678
BrLen28_1=0.042043901884038600847
BrLen26_1=0.092793103856088327008
BrLen27_1=0.049123219002264392752
